    weights_low = [ 0.03, 0.1, 0.45, 0.02, 0.4 ]
    weights_medium = [ 0.05, 0.2, 0.3, 0.15, 0.3 ]
    weights_high = [ 0.05, 0.3, 0.3, 0.2, 0.15 ]
    
    
    Success Rate:

 +--------+--------------------+----------------+--------+-------+--------+--------+-----------+-----------+-----------+--------+-------------+
|   LND1 |   LND2: c/300000.0 |   LND2: c/10.0 |   LND3 |   CLN |   LDK1 |   LDK2 |   Eclair1 |   Eclair2 |   Eclair3 |   MDA1 |   Txn Count |
|--------+--------------------+----------------+--------+-------+--------+--------+-----------+-----------+-----------+--------+-------------|
|    122 |                122 |            122 |    122 |   122 |    122 |    122 |       122 |       122 |       122 |    122 |         122 |
|    112 |                112 |            112 |    112 |   112 |    112 |    112 |       112 |       112 |       112 |    111 |         114 |
|    132 |                132 |            133 |    132 |   133 |    130 |    130 |       132 |       132 |       133 |    131 |         136 |
|    107 |                115 |            119 |    117 |   110 |    106 |    108 |       113 |       113 |       116 |    106 |         124 |
|     87 |                 93 |             97 |     93 |    88 |     82 |     85 |        94 |        94 |        92 |     79 |         123 |
|     70 |                 75 |             80 |     74 |    65 |     46 |     45 |        75 |        75 |        68 |     45 |         136 |
|     46 |                 45 |             56 |     48 |    38 |     25 |     23 |        49 |        49 |        40 |     16 |         122 |
|     54 |                 53 |             54 |     53 |    46 |     28 |     29 |        56 |        56 |        54 |     18 |         123 |
+--------+--------------------+----------------+--------+-------+--------+--------+-----------+-----------+-----------+--------+-------------+

 +-------------+-------------+--------------------+----------------+-------------+-------------+-------------+-------------+-------------+-------------+-------------+-------------+
|             |        LND1 |   LND2: c/300000.0 |   LND2: c/10.0 |        LND3 |         CLN |        LDK1 |        LDK2 |     Eclair1 |     Eclair2 |     Eclair3 |        MDA1 |
|-------------+-------------+--------------------+----------------+-------------+-------------+-------------+-------------+-------------+-------------+-------------+-------------|
| Fee Ratio   |   0.0434186 |          0.0180877 |      0.0200978 |   0.0141374 |   0.0278002 |   0.0501072 |   0.0504615 |   0.0495265 |   0.0495265 |   0.0107001 |   0.0200999 |
| Path Length |   4.48883   |          5.477     |      6.13666   |   6.16689   |   4.66097   |   4.59001   |   4.60053   |   4.45598   |   4.45598   |   6.38239   |   5.34954   |
| Timelock    | 197.888     |        235.53      |    257.975     | 259.558     | 192.368     | 207.062     | 204.746     | 199.25      | 199.25      | 269.774     | 216.406     |
+-------------+-------------+--------------------+----------------+-------------+-------------+-------------+-------------+-------------+-------------+-------------+-------------+


weights_low = [ 0.03, 0.02, 0.45, 0.1, 0.4 ]
    weights_medium = [ 0.05, 0.1, 0.3, 0.15, 0.4 ]
    weights_high = [ 0.1, 0.2, 0.2, 0.2, 0.3 ]
    
    
    

Success Rate:

 +--------+--------------------+----------------+--------+-------+--------+--------+-----------+-----------+-----------+--------+-------------+
|   LND1 |   LND2: c/300000.0 |   LND2: c/10.0 |   LND3 |   CLN |   LDK1 |   LDK2 |   Eclair1 |   Eclair2 |   Eclair3 |   MDA1 |   Txn Count |
|--------+--------------------+----------------+--------+-------+--------+--------+-----------+-----------+-----------+--------+-------------|
|    122 |                122 |            122 |    122 |   122 |    122 |    122 |       122 |       122 |       122 |    122 |         122 |
|    112 |                112 |            112 |    112 |   112 |    112 |    112 |       112 |       112 |       112 |    111 |         114 |
|    132 |                132 |            133 |    132 |   133 |    130 |    130 |       132 |       132 |       133 |    132 |         136 |
|    107 |                115 |            119 |    117 |   110 |    106 |    108 |       113 |       113 |       116 |    112 |         124 |
|     87 |                 93 |             97 |     93 |    88 |     82 |     85 |        94 |        94 |        92 |     86 |         123 |
|     70 |                 75 |             80 |     74 |    65 |     46 |     45 |        75 |        75 |        68 |     53 |         136 |
|     46 |                 45 |             56 |     48 |    38 |     25 |     23 |        49 |        49 |        40 |     16 |         122 |
|     54 |                 53 |             54 |     53 |    46 |     28 |     29 |        56 |        56 |        54 |     17 |         123 |
+--------+--------------------+----------------+--------+-------+--------+--------+-----------+-----------+-----------+--------+-------------+


    weights_low = [ 0.03, 0.02, 0.45, 0.1, 0.4 ]
    weights_medium = [ 0.05, 0.1, 0.35, 0.1, 0.4 ]
    weights_high = [ 0.05, 0.1, 0.2, 0.05, 0.6 ]
    

Success Rate:

 +--------+--------------------+----------------+--------+-------+--------+--------+-----------+-----------+-----------+--------+-------------+
|   LND1 |   LND2: c/300000.0 |   LND2: c/10.0 |   LND3 |   CLN |   LDK1 |   LDK2 |   Eclair1 |   Eclair2 |   Eclair3 |   MDA1 |   Txn Count |
|--------+--------------------+----------------+--------+-------+--------+--------+-----------+-----------+-----------+--------+-------------|
|    122 |                122 |            122 |    122 |   122 |    122 |    122 |       122 |       122 |       122 |    122 |         122 |
|    112 |                112 |            112 |    112 |   112 |    112 |    112 |       112 |       112 |       112 |    111 |         114 |
|    132 |                132 |            133 |    132 |   133 |    130 |    130 |       132 |       132 |       133 |    132 |         136 |
|    107 |                115 |            119 |    117 |   110 |    106 |    108 |       113 |       113 |       116 |    112 |         124 |
|     87 |                 93 |             97 |     93 |    88 |     82 |     85 |        94 |        94 |        92 |     85 |         123 |
|     70 |                 75 |             80 |     74 |    65 |     46 |     45 |        75 |        75 |        68 |     54 |         136 |
|     46 |                 45 |             56 |     48 |    38 |     25 |     23 |        49 |        49 |        40 |     24 |         122 |
|     54 |                 53 |             54 |     53 |    46 |     28 |     29 |        56 |        56 |        54 |     19 |         123 |
+--------+--------------------+----------------+--------+-------+--------+--------+-----------+-----------+-----------+--------+-------------+

 +-------------+------------+--------------------+----------------+-------------+-------------+-------------+-------------+-------------+-------------+-------------+-------------+
|             |       LND1 |   LND2: c/300000.0 |   LND2: c/10.0 |        LND3 |         CLN |        LDK1 |        LDK2 |     Eclair1 |     Eclair2 |     Eclair3 |        MDA1 |
|-------------+------------+--------------------+----------------+-------------+-------------+-------------+-------------+-------------+-------------+-------------+-------------|
| Fee Ratio   |   0.043004 |          0.0180877 |      0.0200978 |   0.0141374 |   0.0277416 |   0.0500051 |   0.0504143 |   0.0494127 |   0.0494127 |   0.0107001 |   0.0241005 |
| Path Length |   4.49017  |          5.47575   |      6.13761   |   6.17169   |   4.6671    |   4.59895   |   4.60813   |   4.45872   |   4.45872   |   6.38925   |   5.14548   |
| Timelock    | 198.215    |        235.765     |    258.265     | 260.017     | 192.823     | 207.658     | 205.296     | 199.625     | 199.625     | 270.245     | 209.853     |
+-------------+------------+--------------------+----------------+-------------+-------------+-------------+-------------+-------------+-------------+-------------+-------------+


weights_low = [ 0.03, 0.02, 0.45, 0.1, 0.4 ]
    weights_medium = [ 0.05, 0.1, 0.35, 0.1, 0.4 ]
    weights_high = [ 0.0, 0.1, 0.6, 0.1, 0.2 ]
    
    
Success Rate:

 +--------+--------------------+----------------+--------+-------+--------+--------+-----------+-----------+-----------+--------+-------------+
|   LND1 |   LND2: c/300000.0 |   LND2: c/10.0 |   LND3 |   CLN |   LDK1 |   LDK2 |   Eclair1 |   Eclair2 |   Eclair3 |   MDA1 |   Txn Count |
|--------+--------------------+----------------+--------+-------+--------+--------+-----------+-----------+-----------+--------+-------------|
|    122 |                122 |            122 |    122 |   122 |    122 |    122 |       122 |       122 |       122 |      0 |         122 |
|    112 |                112 |            112 |    112 |   112 |    112 |    112 |       112 |       112 |       112 |      0 |         114 |
|    132 |                132 |            133 |    132 |   133 |    130 |    130 |       132 |       132 |       133 |      0 |         136 |
|    107 |                115 |            119 |    117 |   110 |    106 |    108 |       113 |       113 |       116 |      0 |         124 |
|     87 |                 93 |             97 |     93 |    88 |     82 |     85 |        94 |        94 |        92 |     85 |         123 |
|     70 |                 75 |             80 |     74 |    65 |     46 |     45 |        75 |        75 |        68 |     54 |         136 |
|     46 |                 45 |             56 |     48 |    38 |     25 |     23 |        49 |        49 |        40 |     21 |         122 |
|     54 |                 53 |             54 |     53 |    46 |     28 |     29 |        56 |        56 |        54 |     34 |         123 |
+--------+--------------------+----------------+--------+-------+--------+--------+-----------+-----------+-----------+--------+-------------+

 +-------------+-------------+--------------------+----------------+-------------+-------------+-------------+-------------+-------------+-------------+------------+----------+
|             |        LND1 |   LND2: c/300000.0 |   LND2: c/10.0 |        LND3 |         CLN |        LDK1 |        LDK2 |     Eclair1 |     Eclair2 |    Eclair3 |     MDA1 |
|-------------+-------------+--------------------+----------------+-------------+-------------+-------------+-------------+-------------+-------------+------------+----------|
| Fee Ratio   |   0.0434186 |          0.0180877 |      0.0200978 |   0.0141374 |   0.0277416 |   0.0501072 |   0.0504615 |   0.0499099 |   0.0499099 |   0.010667 |  1e-07   |
| Path Length |   4.48748   |          5.46772   |      6.11989   |   6.15679   |   4.6614    |   4.59025   |   4.60079   |   4.45455   |   4.45455   |   6.36891  |  1.68511 |
| Timelock    | 197.88      |        235.267     |    257.387     | 259.304     | 192.39      | 207.123     | 204.801     | 199.382     | 199.382     | 269.12     | 60.9038  |
+-------------+-------------+--------------------+----------------+-------------+-------------+-------------+-------------+-------------+-------------+------------+----------+


    weights_low = [ 0.03, 0.02, 0.45, 0.1, 0.4 ]
    weights_medium = [ 0.0, 0.1, 0.6, 0.1, 0.2 ]
    weights_high = [ 0.0, 0.15, 0.8, 0.15, 0.0 ]



Success Rate:

 +--------+--------------------+----------------+--------+-------+--------+--------+-----------+-----------+-----------+--------+-------------+
|   LND1 |   LND2: c/300000.0 |   LND2: c/10.0 |   LND3 |   CLN |   LDK1 |   LDK2 |   Eclair1 |   Eclair2 |   Eclair3 |   MDA1 |   Txn Count |
|--------+--------------------+----------------+--------+-------+--------+--------+-----------+-----------+-----------+--------+-------------|
|    122 |                122 |            122 |    122 |   122 |    122 |    122 |       122 |       122 |       122 |      0 |         122 |
|    112 |                112 |            112 |    112 |   112 |    112 |    112 |       112 |       112 |       112 |      0 |         114 |
|    132 |                132 |            133 |    132 |   133 |    130 |    130 |       132 |       132 |       133 |      0 |         136 |
|    107 |                115 |            119 |    117 |   110 |    106 |    108 |       113 |       113 |       116 |      0 |         124 |
|     87 |                 93 |             97 |     93 |    88 |     82 |     85 |        94 |        94 |        92 |     89 |         123 |
|     70 |                 75 |             80 |     74 |    65 |     46 |     45 |        75 |        75 |        68 |     59 |         136 |
|     46 |                 45 |             56 |     48 |    38 |     25 |     23 |        49 |        49 |        40 |     19 |         122 |
|     54 |                 53 |             54 |     53 |    46 |     28 |     29 |        56 |        56 |        54 |     30 |         123 |
+--------+--------------------+----------------+--------+-------+--------+--------+-----------+-----------+-----------+--------+-------------+

 +-------------+------------+--------------------+----------------+-----------+------------+-------------+-------------+-------------+-------------+-------------+--------------+
|             |       LND1 |   LND2: c/300000.0 |   LND2: c/10.0 |      LND3 |        CLN |        LDK1 |        LDK2 |     Eclair1 |     Eclair2 |     Eclair3 |         MDA1 |
|-------------+------------+--------------------+----------------+-----------+------------+-------------+-------------+-------------+-------------+-------------+--------------|
| Fee Ratio   |   0.043004 |          0.0179266 |      0.0200056 |   0.014   |   0.027003 |   0.0500051 |   0.0504143 |   0.0495265 |   0.0495265 |   0.0106354 |  1.11111e-07 |
| Path Length |   4.4862   |          5.46386   |      6.11958   |   6.15112 |   4.65966  |   4.59133   |   4.60053   |   4.45335   |   4.45335   |   6.37319   |  1.76873     |
| Timelock    | 197.689    |        235.059     |    257.352     | 258.88    | 192.184    | 207.109     | 204.597     | 199.276     | 199.276     | 269.283     | 63.3049      |
+-------------+------------+--------------------+----------------+-----------+------------+-------------+-------------+-------------+-------------+-------------+--------------+


    weights_low = [ 0.03, 0.02, 0.45, 0.1, 0.4 ]
    weights_medium = [ 0.0, 0.1, 0.7, 0.1, 0.1 ]
    weights_high = [ 0.0, 0.05, 9.0, 0.05, 0.0 ]
    
    
    
 Success Rate:

 +--------+--------------------+----------------+--------+-------+--------+--------+-----------+-----------+-----------+--------+-------------+
|   LND1 |   LND2: c/300000.0 |   LND2: c/10.0 |   LND3 |   CLN |   LDK1 |   LDK2 |   Eclair1 |   Eclair2 |   Eclair3 |   MDA1 |   Txn Count |
|--------+--------------------+----------------+--------+-------+--------+--------+-----------+-----------+-----------+--------+-------------|
|    122 |                122 |            122 |    122 |   122 |    122 |    122 |       122 |       122 |       122 |      0 |         122 |
|    112 |                112 |            112 |    112 |   112 |    112 |    112 |       112 |       112 |       112 |      0 |         114 |
|    132 |                132 |            133 |    132 |   133 |    130 |    130 |       132 |       132 |       133 |      0 |         136 |
|    107 |                115 |            119 |    117 |   110 |    106 |    108 |       113 |       113 |       116 |      0 |         124 |
|     87 |                 93 |             97 |     93 |    88 |     82 |     85 |        94 |        94 |        92 |     91 |         123 |
|     70 |                 75 |             80 |     74 |    65 |     46 |     45 |        75 |        75 |        68 |     55 |         136 |
|     46 |                 45 |             56 |     48 |    38 |     25 |     23 |        49 |        49 |        40 |     32 |         122 |
|     54 |                 53 |             54 |     53 |    46 |     28 |     29 |        56 |        56 |        54 |     29 |         123 |
+--------+--------------------+----------------+--------+-------+--------+--------+-----------+-----------+-----------+--------+-------------+

 +-------------+------------+--------------------+----------------+-----------+------------+-------------+-------------+-------------+-------------+-------------+--------------+
|             |       LND1 |   LND2: c/300000.0 |   LND2: c/10.0 |      LND3 |        CLN |        LDK1 |        LDK2 |     Eclair1 |     Eclair2 |     Eclair3 |         MDA1 |
|-------------+------------+--------------------+----------------+-----------+------------+-------------+-------------+-------------+-------------+-------------+--------------|
| Fee Ratio   |   0.043004 |          0.0179266 |      0.0200056 |   0.014   |   0.027003 |   0.0500051 |   0.0504143 |   0.0494127 |   0.0494127 |   0.0106354 |  1.11111e-07 |
| Path Length |   4.48752  |          5.46518   |      6.12221   |   6.15769 |   4.66097  |   4.59396   |   4.60315   |   4.45466   |   4.45466   |   6.38239   |  1.86334     |
| Timelock    | 197.857    |        235.009     |    257.321     | 259.151   | 192.252    | 207.256     | 204.744     | 199.226     | 199.226     | 269.748     | 66.6978      |
+-------------+------------+--------------------+----------------+-----------+------------+-------------+-------------+-------------+-------------+-------------+--------------+


    weights_low = [ 0.03, 0.02, 0.45, 0.1, 0.4 ]
    weights_medium = [ 0.0, 0.1, 0.8, 0.1, 0.0 ]
    weights_high = [ 0.0, 0.0, 0.9, 0.0, 0.1 ]

Success Rate:

 +--------+--------------------+----------------+--------+-------+--------+--------+-----------+-----------+-----------+--------+-------------+
|   LND1 |   LND2: c/300000.0 |   LND2: c/10.0 |   LND3 |   CLN |   LDK1 |   LDK2 |   Eclair1 |   Eclair2 |   Eclair3 |   MDA1 |   Txn Count |
|--------+--------------------+----------------+--------+-------+--------+--------+-----------+-----------+-----------+--------+-------------|
|    122 |                122 |            122 |    122 |   122 |    122 |    122 |       122 |       122 |       122 |      0 |         122 |
|    112 |                112 |            112 |    112 |   112 |    112 |    112 |       112 |       112 |       112 |      0 |         114 |
|    132 |                132 |            133 |    132 |   133 |    130 |    130 |       132 |       132 |       133 |      0 |         136 |
|    107 |                115 |            119 |    117 |   110 |    106 |    108 |       113 |       113 |       116 |      0 |         124 |
|     87 |                 93 |             97 |     93 |    88 |     82 |     85 |        94 |        94 |        92 |     94 |         123 |
|     70 |                 75 |             80 |     74 |    65 |     46 |     45 |        75 |        75 |        68 |     53 |         136 |
|     46 |                 45 |             56 |     48 |    38 |     25 |     23 |        49 |        49 |        40 |     34 |         122 |
|     54 |                 53 |             54 |     53 |    46 |     28 |     29 |        56 |        56 |        54 |     43 |         123 |
+--------+--------------------+----------------+--------+-------+--------+--------+-----------+-----------+-----------+--------+-------------+

 +-------------+-------------+--------------------+----------------+-------------+-------------+-----------+-------------+-------------+-------------+-------------+--------------+
|             |        LND1 |   LND2: c/300000.0 |   LND2: c/10.0 |        LND3 |         CLN |      LDK1 |        LDK2 |     Eclair1 |     Eclair2 |     Eclair3 |         MDA1 |
|-------------+-------------+--------------------+----------------+-------------+-------------+-----------+-------------+-------------+-------------+-------------+--------------|
| Fee Ratio   |   0.0428939 |          0.0180877 |      0.0200996 |   0.0141374 |   0.0265366 |   0.05    |   0.0501923 |   0.0494127 |   0.0494127 |   0.0106354 |  1.11111e-07 |
| Path Length |   4.48892   |          5.45893   |      6.11604   |   6.15906   |   4.67145   |   4.60626 |   4.61278   |   4.45763   |   4.45763   |   6.38462   |  1.8279      |
| Timelock    | 197.828     |        235.482     |    257.625     | 259.761     | 192.511     | 207.584   | 204.974     | 199.888     | 199.888     | 269.623     | 69.4394      |
+-------------+-------------+--------------------+----------------+-------------+-------------+-----------+-------------+-------------+-------------+-------------+--------------+
1000



    weights_low = [ 0.03, 0.02, 0.45, 0.1, 0.4 ]
    weights_medium = [ 0.0, 0.0, 0.9, 0.0, 0.1 ]
    weights_high = [ 0.0, 0.0, 1.0, 0.0, 0.0 ]


Success Rate:

 +--------+--------------------+----------------+--------+-------+--------+--------+-----------+-----------+-----------+--------+-------------+
|   LND1 |   LND2: c/300000.0 |   LND2: c/10.0 |   LND3 |   CLN |   LDK1 |   LDK2 |   Eclair1 |   Eclair2 |   Eclair3 |   MDA1 |   Txn Count |
|--------+--------------------+----------------+--------+-------+--------+--------+-----------+-----------+-----------+--------+-------------|
|    122 |                122 |            122 |    122 |   122 |    122 |    122 |       122 |       122 |       122 |      0 |         122 |
|    112 |                112 |            112 |    112 |   112 |    112 |    112 |       112 |       112 |       112 |      0 |         114 |
|    132 |                132 |            133 |    132 |   133 |    130 |    130 |       132 |       132 |       133 |      0 |         136 |
|    107 |                115 |            119 |    117 |   110 |    106 |    108 |       113 |       113 |       116 |      0 |         124 |
|     87 |                 93 |             97 |     93 |    88 |     82 |     85 |        94 |        94 |        92 |     96 |         123 |
|     70 |                 75 |             80 |     74 |    65 |     46 |     45 |        75 |        75 |        68 |     63 |         136 |
|     46 |                 45 |             56 |     48 |    38 |     25 |     23 |        49 |        49 |        40 |     36 |         122 |
|     54 |                 53 |             54 |     53 |    46 |     28 |     29 |        56 |        56 |        54 |     33 |         123 |
+--------+--------------------+----------------+--------+-------+--------+--------+-----------+-----------+-----------+--------+-------------+

 +-------------+-------------+--------------------+----------------+-------------+-------------+-------------+-------------+-------------+-------------+-------------+--------------+
|             |        LND1 |   LND2: c/300000.0 |   LND2: c/10.0 |        LND3 |         CLN |        LDK1 |        LDK2 |     Eclair1 |     Eclair2 |     Eclair3 |         MDA1 |
|-------------+-------------+--------------------+----------------+-------------+-------------+-------------+-------------+-------------+-------------+-------------+--------------|
| Fee Ratio   |   0.0429489 |          0.0183776 |      0.0200987 |   0.0142243 |   0.0267466 |   0.0500025 |   0.0502007 |   0.0494127 |   0.0494127 |   0.0106512 |  1.11111e-07 |
| Path Length |   4.48691   |          5.46073   |      6.11257   |   6.15445   |   4.66623   |   4.6034    |   4.61126   |   4.45681   |   4.45681   |   6.37958   |  1.84948     |
| Timelock    | 198.143     |        235.788     |    257.904     | 259.99      | 192.945     | 207.704     | 205.272     | 200.242     | 200.242     | 269.775     | 77.0615      |
+-------------+-------------+--------------------+----------------+-------------+-------------+-------------+-------------+-------------+-------------+-------------+--------------+


 +----+----------+--------------------+----------------+----------+----------+----------+----------+-----------+-----------+-----------+---------+-------------+
|    |     LND1 |   LND2: c/300000.0 |   LND2: c/10.0 |     LND3 |      CLN |     LDK1 |     LDK2 |   Eclair1 |   Eclair2 |   Eclair3 |    MDA1 |   Txn Count |
|----+----------+--------------------+----------------+----------+----------+----------+----------+-----------+-----------+-----------+---------+-------------|
|  0 | 100      |           100      |       100      | 100      | 100      | 100      | 100      |  100      |  100      |  100      | 99.1803 |         122 |
|  1 |  98.2456 |            98.2456 |        98.2456 |  98.2456 |  98.2456 |  98.2456 |  98.2456 |   98.2456 |   98.2456 |   98.2456 | 97.3684 |         114 |
|  2 |  97.0588 |            97.0588 |        97.7941 |  97.0588 |  97.7941 |  95.5882 |  95.5882 |   97.0588 |   97.0588 |   97.7941 | 96.3235 |         136 |
|  3 |  86.2903 |            92.7419 |        95.9677 |  94.3548 |  88.7097 |  85.4839 |  87.0968 |   91.129  |   91.129  |   93.5484 | 89.5161 |         124 |
|  4 |  70.7317 |            75.6098 |        78.8618 |  75.6098 |  71.5447 |  66.6667 |  69.1057 |   76.4228 |   76.4228 |   74.7967 | 78.8618 |         123 |
|  5 |  51.4706 |            55.1471 |        58.8235 |  54.4118 |  47.7941 |  33.8235 |  33.0882 |   55.1471 |   55.1471 |   50      | 44.8529 |         136 |
|  6 |  37.7049 |            36.8852 |        45.9016 |  39.3443 |  31.1475 |  20.4918 |  18.8525 |   40.1639 |   40.1639 |   32.7869 | 27.8689 |         122 |
|  7 |  43.9024 |            43.0894 |        43.9024 |  43.0894 |  37.3984 |  22.7642 |  23.5772 |   45.5285 |   45.5285 |   43.9024 | 34.9593 |         123 |
+----+----------+--------------------+----------------+----------+----------+----------+----------+-----------+-----------+-----------+---------+-------------+



#### pesoos

if sum_edges >= 10**6 and cnt_edges>5:
                G.nodes[u]['Width'] = 1
        elif sum_edges > 10**4 and sum_edges < 10**6 and cnt_edges>5:
            G.nodes[u]['Width'] = 0.8
        elif cnt_edges<=5:
            G.nodes[u]['Width'] = 0.7
            
            
Success Rate:

 +--------+--------------------+----------------+--------+-------+--------+--------+-----------+-----------+-----------+--------+-------------+
|   LND1 |   LND2: c/300000.0 |   LND2: c/10.0 |   LND3 |   CLN |   LDK1 |   LDK2 |   Eclair1 |   Eclair2 |   Eclair3 |   MDA1 |   Txn Count |
|--------+--------------------+----------------+--------+-------+--------+--------+-----------+-----------+-----------+--------+-------------|
|    122 |                122 |            122 |    122 |   122 |    122 |    122 |       122 |       122 |       122 |    121 |         122 |
|    112 |                112 |            112 |    112 |   112 |    112 |    112 |       112 |       112 |       112 |    111 |         114 |
|    132 |                132 |            133 |    132 |   133 |    130 |    130 |       132 |       132 |       133 |    131 |         136 |
|    107 |                115 |            119 |    117 |   110 |    106 |    108 |       113 |       113 |       116 |    111 |         124 |
|     87 |                 93 |             97 |     93 |    88 |     82 |     85 |        94 |        94 |        92 |     97 |         123 |
|     70 |                 75 |             80 |     74 |    65 |     46 |     45 |        75 |        75 |        68 |     61 |         136 |
|     46 |                 45 |             56 |     48 |    38 |     25 |     23 |        49 |        49 |        40 |     34 |         122 |
|     54 |                 53 |             54 |     53 |    46 |     28 |     29 |        56 |        56 |        54 |     43 |         123 |
+--------+--------------------+----------------+--------+-------+--------+--------+-----------+-----------+-----------+--------+-------------+

 +-------------+-------------+--------------------+----------------+-------------+-------------+-------------+-------------+-------------+-------------+-------------+------------+
|             |        LND1 |   LND2: c/300000.0 |   LND2: c/10.0 |        LND3 |         CLN |        LDK1 |        LDK2 |     Eclair1 |     Eclair2 |     Eclair3 |       MDA1 |
|-------------+-------------+--------------------+----------------+-------------+-------------+-------------+-------------+-------------+-------------+-------------+------------|
| Fee Ratio   |   0.0422805 |          0.0183776 |      0.0201152 |   0.0142243 |   0.0263663 |   0.0499767 |   0.0501092 |   0.0488366 |   0.0488366 |   0.0106512 |   0.103488 |
| Path Length |   4.48958   |          5.46224   |      6.11719   |   6.16016   |   4.67318   |   4.60807   |   4.61458   |   4.45964   |   4.45964   |   6.38411   |   4.66016  |
| Timelock    | 197.844     |        235.517     |    257.628     | 259.733     | 192.721     | 207.431     | 204.96      | 199.953     | 199.953     | 269.387     | 194.202    |
+-------------+-------------+--------------------+----------------+-------------+-------------+-------------+-------------+-------------+-------------+-------------+------------+



Success Rate:

 +--------+--------------------+----------------+--------+-------+--------+--------+-----------+-----------+-----------+--------+-------------+
|   LND1 |   LND2: c/300000.0 |   LND2: c/10.0 |   LND3 |   CLN |   LDK1 |   LDK2 |   Eclair1 |   Eclair2 |   Eclair3 |   MDA1 |   Txn Count |
|--------+--------------------+----------------+--------+-------+--------+--------+-----------+-----------+-----------+--------+-------------|
|    122 |                122 |            122 |    122 |   122 |    122 |    122 |       122 |       122 |       122 |    121 |         122 |
|    112 |                112 |            112 |    112 |   112 |    112 |    112 |       112 |       112 |       112 |    111 |         114 |
|    132 |                132 |            133 |    132 |   133 |    130 |    130 |       132 |       132 |       133 |    131 |         136 |
|    107 |                115 |            119 |    117 |   110 |    106 |    108 |       113 |       113 |       116 |    110 |         124 |
|     87 |                 93 |             97 |     93 |    88 |     82 |     85 |        94 |        94 |        92 |     96 |         123 |
|     70 |                 75 |             80 |     74 |    65 |     46 |     45 |        75 |        75 |        68 |     63 |         136 |
|     46 |                 45 |             56 |     48 |    38 |     25 |     23 |        49 |        49 |        40 |     34 |         122 |
|     54 |                 53 |             54 |     53 |    46 |     28 |     29 |        56 |        56 |        54 |     43 |         123 |
+--------+--------------------+----------------+--------+-------+--------+--------+-----------+-----------+-----------+--------+-------------+

 +-------------+------------+--------------------+----------------+-------------+------------+-------------+-------------+-------------+-------------+-------------+------------+
|             |       LND1 |   LND2: c/300000.0 |   LND2: c/10.0 |        LND3 |        CLN |        LDK1 |        LDK2 |     Eclair1 |     Eclair2 |     Eclair3 |       MDA1 |
|-------------+------------+--------------------+----------------+-------------+------------+-------------+-------------+-------------+-------------+-------------+------------|
| Fee Ratio   |   0.041667 |          0.0180877 |      0.0200996 |   0.0141374 |   0.026196 |   0.0499535 |   0.0501072 |   0.0482606 |   0.0482606 |   0.0106354 |   0.102372 |
| Path Length |   4.48892  |          5.46284   |      6.11604   |   6.15645   |   4.67275  |   4.60756   |   4.61408   |   4.45893   |   4.45893   |   6.3807    |   4.63755  |
| Timelock    | 197.786    |        235.589     |    257.658     | 259.519     | 192.764    | 207.467     | 204.992     | 199.979     | 199.979     | 269.198     | 192.304    |
+-------------+------------+--------------------+----------------+-------------+------------+-------------+-------------+-------------+-------------+-------------+------------+


# no diferenca

Success Rate:

 +--------+--------------------+----------------+--------+-------+--------+--------+-----------+-----------+-----------+--------+-------------+
|   LND1 |   LND2: c/300000.0 |   LND2: c/10.0 |   LND3 |   CLN |   LDK1 |   LDK2 |   Eclair1 |   Eclair2 |   Eclair3 |   MDA1 |   Txn Count |
|--------+--------------------+----------------+--------+-------+--------+--------+-----------+-----------+-----------+--------+-------------|
|    122 |                122 |            122 |    122 |   122 |    122 |    122 |       122 |       122 |       122 |    122 |         122 |
|    112 |                112 |            112 |    112 |   112 |    112 |    112 |       112 |       112 |       112 |    111 |         114 |
|    132 |                132 |            133 |    132 |   133 |    130 |    130 |       132 |       132 |       133 |    132 |         136 |
|    107 |                115 |            119 |    117 |   110 |    106 |    108 |       113 |       113 |       116 |    112 |         124 |
|     87 |                 93 |             97 |     93 |    88 |     82 |     85 |        94 |        94 |        92 |     96 |         123 |
|     70 |                 75 |             80 |     74 |    65 |     46 |     45 |        75 |        75 |        68 |     63 |         136 |
|     46 |                 45 |             56 |     48 |    38 |     25 |     23 |        49 |        49 |        40 |     34 |         122 |
|     54 |                 53 |             54 |     53 |    46 |     28 |     29 |        56 |        56 |        54 |     43 |         123 |
+--------+--------------------+----------------+--------+-------+--------+--------+-----------+-----------+-----------+--------+-------------+

 +-------------+-------------+--------------------+----------------+-------------+-------------+-------------+-------------+-------------+-------------+-------------+-------------+
|             |        LND1 |   LND2: c/300000.0 |   LND2: c/10.0 |        LND3 |         CLN |        LDK1 |        LDK2 |     Eclair1 |     Eclair2 |     Eclair3 |        MDA1 |
|-------------+-------------+--------------------+----------------+-------------+-------------+-------------+-------------+-------------+-------------+-------------+-------------|
| Fee Ratio   |   0.0422805 |          0.0183776 |      0.0201152 |   0.0142243 |   0.0263663 |   0.0499767 |   0.0501092 |   0.0488366 |   0.0488366 |   0.0106512 |   0.0518214 |
| Path Length |   4.48961   |          5.46623   |      6.12597   |   6.16494   |   4.67273   |   4.60779   |   4.61429   |   4.45974   |   4.45974   |   6.39221   |   5.19481   |
| Timelock    | 197.8       |        235.791     |    258.07      | 260.006     | 192.691     | 207.362     | 204.897     | 199.904     | 199.904     | 269.913     | 218.512     |
+-------------+-------------+--------------------+----------------+-------------+-------------+-------------+-------------+-------------+-------------+-------------+-------------+


